-9.810179138183593750e+01 -1.125514678955078125e+02 -1.142668609619140625e+02
-9.933475494384765625e+01 -1.152863922119140625e+02 -1.142668609619140625e+02
-1.005677185058593750e+02 -1.180213088989257812e+02 -1.142668609619140625e+02
-1.018006820678710938e+02 -1.207562332153320312e+02 -1.142668609619140625e+02
-1.030336380004882812e+02 -1.234911575317382812e+02 -1.142668609619140625e+02
-1.042666015625000000e+02 -1.262260818481445312e+02 -1.142668609619140625e+02
-1.054995651245117188e+02 -1.289609985351562500e+02 -1.142668609619140625e+02
-1.067325286865234375e+02 -1.316959228515625000e+02 -1.142668609619140625e+02
-1.079654846191406250e+02 -1.344308471679687500e+02 -1.142668609619140625e+02
-1.091984481811523438e+02 -1.371657714843750000e+02 -1.142668609619140625e+02
-1.104314117431640625e+02 -1.399006958007812500e+02 -1.142668609619140625e+02
-1.116643753051757812e+02 -1.426356201171875000e+02 -1.142668609619140625e+02
-1.128973312377929688e+02 -1.453705444335937500e+02 -1.142668609619140625e+02
-1.141302947998046875e+02 -1.481054687500000000e+02 -1.142668609619140625e+02
-1.153632583618164062e+02 -1.508403930664062500e+02 -1.142668609619140625e+02
-1.165143890380859375e+02 -1.534141998291015625e+02 -1.121994857788085938e+02
-1.170760803222656250e+02 -1.552985687255859375e+02 -1.003947219848632812e+02
-1.171919860839843750e+02 -1.570946960449218750e+02 -8.669384002685546875e+01
-1.168690109252929688e+02 -1.588759307861328125e+02 -7.311169433593750000e+01
-1.160916671752929688e+02 -1.607067108154296875e+02 -6.156758117675781250e+01
-1.146623611450195312e+02 -1.632477722167968750e+02 -6.056316757202148438e+01
-1.131879730224609375e+02 -1.658604736328125000e+02 -6.056316757202148438e+01
-1.117135772705078125e+02 -1.684731597900390625e+02 -6.056316757202148438e+01
-1.102391891479492188e+02 -1.710858612060546875e+02 -6.056316757202148438e+01
-1.087648010253906250e+02 -1.736985473632812500e+02 -6.056316757202148438e+01
-1.072904052734375000e+02 -1.763112487792968750e+02 -6.056316757202148438e+01
-1.058160171508789062e+02 -1.789239349365234375e+02 -6.056316757202148438e+01
-1.043416290283203125e+02 -1.815366363525390625e+02 -6.056316757202148438e+01
-1.028672332763671875e+02 -1.841493377685546875e+02 -6.056316757202148438e+01
-1.013928451538085938e+02 -1.867620239257812500e+02 -6.056316757202148438e+01
-9.991845703125000000e+01 -1.893747100830078125e+02 -6.056316757202148438e+01
-9.844406127929687500e+01 -1.919874114990234375e+02 -6.056316757202148438e+01
-9.727352905273437500e+01 -1.938662109375000000e+02 -5.158404922485351562e+01
-9.618561553955078125e+01 -1.949082794189453125e+02 -3.453868484497070312e+01
-9.498117828369140625e+01 -1.954673156738281250e+02 -1.545428371429443359e+01
-9.338658905029296875e+01 -1.956546783447265625e+02 4.621001482009887695e-01
-9.087071990966796875e+01 -1.954344940185546875e+02 5.939893722534179688e+00
-8.788682556152343750e+01 -1.951240386962890625e+02 5.939893722534179688e+00
-8.490293884277343750e+01 -1.948135833740234375e+02 5.939893722534179688e+00
-8.191904449462890625e+01 -1.945031280517578125e+02 5.939893722534179688e+00
-7.893515014648437500e+01 -1.941926727294921875e+02 5.939893722534179688e+00
-7.595125579833984375e+01 -1.938822174072265625e+02 5.939893722534179688e+00
-7.296736145019531250e+01 -1.935717620849609375e+02 5.939893722534179688e+00
-6.998347473144531250e+01 -1.932613067626953125e+02 5.939893722534179688e+00
-6.699958038330078125e+01 -1.929508514404296875e+02 5.939893722534179688e+00
-6.401568603515625000e+01 -1.926403961181640625e+02 5.939893722534179688e+00
-6.103179168701171875e+01 -1.923299407958984375e+02 5.939893722534179688e+00
-5.903757095336914062e+01 -1.919202270507812500e+02 1.693500328063964844e+01
-5.670521163940429688e+01 -1.910650939941406250e+02 2.283302879333496094e+01
-5.437940597534179688e+01 -1.899675903320312500e+02 2.773125839233398438e+01
-5.231736373901367188e+01 -1.887435150146484375e+02 3.461396789550781250e+01
-5.061646270751953125e+01 -1.872725677490234375e+02 4.320565032958984375e+01
-4.842975997924804688e+01 -1.852187042236328125e+02 4.320565032958984375e+01
-4.624305725097656250e+01 -1.831648559570312500e+02 4.320565032958984375e+01
-4.405635452270507812e+01 -1.811109924316406250e+02 4.320565032958984375e+01
-4.186965179443359375e+01 -1.790571441650390625e+02 4.320565032958984375e+01
-3.968294525146484375e+01 -1.770032806396484375e+02 4.320565032958984375e+01
-3.749624252319335938e+01 -1.749494323730468750e+02 4.320565032958984375e+01
-3.530953979492187500e+01 -1.728955688476562500e+02 4.320565032958984375e+01
-3.312283706665039062e+01 -1.708417053222656250e+02 4.320565032958984375e+01
-3.093613433837890625e+01 -1.687878570556640625e+02 4.320565032958984375e+01
-2.874942970275878906e+01 -1.667339935302734375e+02 4.320565032958984375e+01
-2.656272697448730469e+01 -1.646801452636718750e+02 4.320565032958984375e+01
-2.437602424621582031e+01 -1.626262817382812500e+02 4.320565032958984375e+01
-2.218932151794433594e+01 -1.605724182128906250e+02 4.320565032958984375e+01
-2.000261688232421875e+01 -1.585185699462890625e+02 4.320565032958984375e+01
-1.781591415405273438e+01 -1.564647064208984375e+02 4.320565032958984375e+01
-1.562921047210693359e+01 -1.544108581542968750e+02 4.320565032958984375e+01
-1.344250774383544922e+01 -1.523569946289062500e+02 4.320565032958984375e+01
-1.125580501556396484e+01 -1.503031463623046875e+02 4.320565032958984375e+01
-9.069098472595214844e+00 -1.482492828369140625e+02 4.320565032958984375e+01
-6.882395744323730469e+00 -1.461954345703125000e+02 4.320565032958984375e+01
-5.219523906707763672e+00 -1.445757598876953125e+02 5.096307754516601562e+01
-4.018393993377685547e+00 -1.427589874267578125e+02 6.035656738281250000e+01
-2.903697490692138672e+00 -1.405362091064453125e+02 6.622682952880859375e+01
-2.045175790786743164e+00 -1.382669677734375000e+02 7.278662109375000000e+01
-1.669461727142333984e+00 -1.365453033447265625e+02 8.694988250732421875e+01
-1.509833574295043945e+00 -1.335495452880859375e+02 8.694988250732421875e+01
-1.350205421447753906e+00 -1.305538024902343750e+02 8.694988250732421875e+01
-1.190577030181884766e+00 -1.275580520629882812e+02 8.694988250732421875e+01
-1.030948877334594727e+00 -1.245623092651367188e+02 8.694988250732421875e+01
-8.713207244873046875e-01 -1.215665588378906250e+02 8.694988250732421875e+01
-7.116923332214355469e-01 -1.185708084106445312e+02 8.694988250732421875e+01
-5.520644187927246094e-01 -1.155750579833984375e+02 8.694988250732421875e+01
-3.924360275268554688e-01 -1.125793075561523438e+02 8.694988250732421875e+01
-2.328081130981445312e-01 -1.095835571289062500e+02 8.694988250732421875e+01
-7.317972183227539062e-02 -1.065878067016601562e+02 8.694988250732421875e+01
8.644866943359375000e-02 -1.035920562744140625e+02 8.694988250732421875e+01
2.460765838623046875e-01 -1.005963058471679688e+02 8.694988250732421875e+01
4.057049751281738281e-01 -9.760055541992187500e+01 8.694988250732421875e+01
5.653333663940429688e-01 -9.460480499267578125e+01 8.694988250732421875e+01
7.249612808227539062e-01 -9.160905456542968750e+01 8.694988250732421875e+01
8.845896720886230469e-01 -8.861330413818359375e+01 8.694988250732421875e+01
1.044218063354492188e+00 -8.561755371093750000e+01 8.694988250732421875e+01
1.203845977783203125e+00 -8.262180328369140625e+01 8.694988250732421875e+01
1.363474369049072266e+00 -7.962605285644531250e+01 8.694988250732421875e+01
1.523102760314941406e+00 -7.663030242919921875e+01 8.694988250732421875e+01
1.682730674743652344e+00 -7.363455200195312500e+01 8.694988250732421875e+01
1.842359066009521484e+00 -7.063880157470703125e+01 8.694988250732421875e+01
2.001987457275390625e+00 -6.764305114746093750e+01 8.694988250732421875e+01
2.161615371704101562e+00 -6.464730072021484375e+01 8.694988250732421875e+01
2.321243762969970703e+00 -6.165154647827148438e+01 8.694988250732421875e+01
2.480872154235839844e+00 -5.865579605102539062e+01 8.694988250732421875e+01
2.640500068664550781e+00 -5.566004562377929688e+01 8.694988250732421875e+01
2.800127983093261719e+00 -5.266429519653320312e+01 8.694988250732421875e+01
3.054071903228759766e+00 -4.934132003784179688e+01 8.312748718261718750e+01
3.545869350433349609e+00 -4.609960937500000000e+01 7.992791748046875000e+01
4.168471336364746094e+00 -4.296179199218750000e+01 7.764524078369140625e+01
4.926513671875000000e+00 -3.982606887817382812e+01 7.505175018310546875e+01
5.949892044067382812e+00 -3.651536941528320312e+01 6.970626068115234375e+01
6.998095512390136719e+00 -3.369480895996093750e+01 6.960694885253906250e+01
8.043470382690429688e+00 -3.088283348083496094e+01 6.960694885253906250e+01
9.088845252990722656e+00 -2.807085990905761719e+01 6.960694885253906250e+01
1.013422107696533203e+01 -2.525888633728027344e+01 6.960694885253906250e+01
1.117959499359130859e+01 -2.244691467285156250e+01 6.960694885253906250e+01
1.222497081756591797e+01 -1.963494110107421875e+01 6.960694885253906250e+01
1.327034473419189453e+01 -1.682296943664550781e+01 6.960694885253906250e+01
1.431572055816650391e+01 -1.401099681854248047e+01 6.960694885253906250e+01
1.536109638214111328e+01 -1.119902515411376953e+01 6.960694885253906250e+01
1.640647125244140625e+01 -8.387051582336425781e+00 6.960694885253906250e+01
1.745184707641601562e+01 -5.575079917907714844e+00 6.960694885253906250e+01
1.849722290039062500e+01 -2.763106107711791992e+00 6.960694885253906250e+01
1.954259490966796875e+01 4.886746406555175781e-02 6.960694885253906250e+01
2.058797073364257812e+01 2.860841035842895508e+00 6.960694885253906250e+01
2.163334655761718750e+01 5.672810554504394531e+00 6.960694885253906250e+01
2.267872238159179688e+01 8.484784126281738281e+00 6.960694885253906250e+01
2.372409820556640625e+01 1.129675769805908203e+01 6.960694885253906250e+01
2.476947402954101562e+01 1.410873126983642578e+01 6.960694885253906250e+01
2.581484603881835938e+01 1.692070579528808594e+01 6.960694885253906250e+01
2.686022186279296875e+01 1.973267555236816406e+01 6.960694885253906250e+01
2.790559768676757812e+01 2.254464912414550781e+01 6.960694885253906250e+01
2.895097351074218750e+01 2.535662269592285156e+01 6.960694885253906250e+01
2.999634552001953125e+01 2.816859245300292969e+01 6.960694885253906250e+01
3.104172134399414062e+01 3.098056602478027344e+01 6.960694885253906250e+01
3.262221908569335938e+01 3.451691436767578125e+01 5.952346801757812500e+01
3.586278915405273438e+01 3.821874618530273438e+01 3.715096282958984375e+01
4.063510131835937500e+01 4.034378051757812500e+01 1.113553905487060547e+01
4.521331024169921875e+01 4.045898056030273438e+01 -7.193254947662353516e+00
4.844876480102539062e+01 3.989680099487304688e+01 -1.038229656219482422e+01
5.139964675903320312e+01 3.935615539550781250e+01 -1.038229656219482422e+01
5.435052871704101562e+01 3.881550979614257812e+01 -1.038229656219482422e+01
5.730140686035156250e+01 3.827486419677734375e+01 -1.038229656219482422e+01
6.025228881835937500e+01 3.773421859741210938e+01 -1.038229656219482422e+01
6.320317077636718750e+01 3.719357299804687500e+01 -1.038229656219482422e+01
6.615405273437500000e+01 3.665292358398437500e+01 -1.038229656219482422e+01
6.910493469238281250e+01 3.611227798461914062e+01 -1.038229656219482422e+01
7.205581665039062500e+01 3.557163238525390625e+01 -1.038229656219482422e+01
7.500669860839843750e+01 3.503098678588867188e+01 -1.038229656219482422e+01
7.795758056640625000e+01 3.449034118652343750e+01 -1.038229656219482422e+01
8.090846252441406250e+01 3.394969558715820312e+01 -1.038229656219482422e+01
8.385934448242187500e+01 3.340904998779296875e+01 -1.038229656219482422e+01
8.681022644042968750e+01 3.286840438842773438e+01 -1.038229656219482422e+01
8.976110839843750000e+01 3.232775878906250000e+01 -1.038229656219482422e+01
9.271199035644531250e+01 3.178711318969726562e+01 -1.038229656219482422e+01
9.566287231445312500e+01 3.124646759033203125e+01 -1.038229656219482422e+01
9.861375427246093750e+01 3.070582199096679688e+01 -1.038229656219482422e+01
1.015646362304687500e+02 3.016517639160156250e+01 -1.038229656219482422e+01
1.045155181884765625e+02 2.962453079223632812e+01 -1.038229656219482422e+01
1.074664001464843750e+02 2.908388519287109375e+01 -1.038229656219482422e+01
1.104172821044921875e+02 2.854323959350585938e+01 -1.038229656219482422e+01
1.133681640625000000e+02 2.800259399414062500e+01 -1.038229656219482422e+01
1.163190460205078125e+02 2.746194839477539062e+01 -1.038229656219482422e+01
1.194926757812500000e+02 2.685385894775390625e+01 -1.303736877441406250e+01
1.232384872436523438e+02 2.560902404785156250e+01 -2.396368408203125000e+01
1.267544555664062500e+02 2.357484817504882812e+01 -3.622589111328125000e+01
1.297470550537109375e+02 2.084870338439941406e+01 -4.832617187500000000e+01
1.320629730224609375e+02 1.769217681884765625e+01 -5.887714385986328125e+01
1.336176300048828125e+02 1.504859066009521484e+01 -5.961212539672851562e+01
1.351351928710937500e+02 1.246072864532470703e+01 -5.961212539672851562e+01
1.366527404785156250e+02 9.872865676879882812e+00 -5.961212539672851562e+01
1.381702880859375000e+02 7.285003662109375000e+00 -5.961212539672851562e+01
1.396878509521484375e+02 4.697141647338867188e+00 -5.961212539672851562e+01
1.412053985595703125e+02 2.109278678894042969e+00 -5.961212539672851562e+01
1.427229614257812500e+02 -4.785823822021484375e-01 -5.961212539672851562e+01
1.443434600830078125e+02 -3.284785747528076172e+00 -6.237105560302734375e+01
1.458310852050781250e+02 -7.649709701538085938e+00 -8.107559204101562500e+01
1.453914031982421875e+02 -1.299129486083984375e+01 -1.087344284057617188e+02
1.428063964843750000e+02 -1.728945159912109375e+01 -1.322511901855468750e+02
1.398925933837890625e+02 -1.984975814819335938e+01 -1.423227386474609375e+02
1.375181884765625000e+02 -2.168339729309082031e+01 -1.423227386474609375e+02
1.351437988281250000e+02 -2.351703643798828125e+01 -1.423227386474609375e+02
1.327693939208984375e+02 -2.535067558288574219e+01 -1.423227386474609375e+02
1.303950042724609375e+02 -2.718431472778320312e+01 -1.423227386474609375e+02
1.280205993652343750e+02 -2.901795387268066406e+01 -1.423227386474609375e+02
1.256462097167968750e+02 -3.085159111022949219e+01 -1.423227386474609375e+02
1.232718124389648438e+02 -3.268523406982421875e+01 -1.423227386474609375e+02
1.208974151611328125e+02 -3.451887130737304688e+01 -1.423227386474609375e+02
1.185230178833007812e+02 -3.635251235961914062e+01 -1.423227386474609375e+02
1.161486129760742188e+02 -3.818614959716796875e+01 -1.423227386474609375e+02
1.137742156982421875e+02 -4.001978683471679688e+01 -1.423227386474609375e+02
1.113998184204101562e+02 -4.185342788696289062e+01 -1.423227386474609375e+02
1.090254211425781250e+02 -4.368706893920898438e+01 -1.423227386474609375e+02
1.066510238647460938e+02 -4.552070617675781250e+01 -1.423227386474609375e+02
1.042766189575195312e+02 -4.735434341430664062e+01 -1.423227386474609375e+02
1.019022293090820312e+02 -4.918798446655273438e+01 -1.423227386474609375e+02
9.952782440185546875e+01 -5.102162551879882812e+01 -1.423227386474609375e+02
9.715342712402343750e+01 -5.285526275634765625e+01 -1.423227386474609375e+02
9.521559143066406250e+01 -5.442757034301757812e+01 -1.365584869384765625e+02
9.349042510986328125e+01 -5.625251770019531250e+01 -1.309700927734375000e+02
9.180924224853515625e+01 -5.832567977905273438e+01 -1.271846160888671875e+02
9.029307556152343750e+01 -6.047444915771484375e+01 -1.229498214721679688e+02
8.918955993652343750e+01 -6.241061782836914062e+01 -1.141320343017578125e+02
8.799069213867187500e+01 -6.512841033935546875e+01 -1.137823944091796875e+02
8.678089904785156250e+01 -6.787365722656250000e+01 -1.137823944091796875e+02
8.557110595703125000e+01 -7.061891174316406250e+01 -1.137823944091796875e+02
8.436132049560546875e+01 -7.336415863037109375e+01 -1.137823944091796875e+02
8.315152740478515625e+01 -7.610941314697265625e+01 -1.137823944091796875e+02
8.194173431396484375e+01 -7.885466003417968750e+01 -1.137823944091796875e+02
8.073194122314453125e+01 -8.159991455078125000e+01 -1.137823944091796875e+02
7.952214813232421875e+01 -8.434516143798828125e+01 -1.137823944091796875e+02
7.831235504150390625e+01 -8.709041595458984375e+01 -1.137823944091796875e+02
7.710256195068359375e+01 -8.983567047119140625e+01 -1.137823944091796875e+02
7.589276885986328125e+01 -9.258091735839843750e+01 -1.137823944091796875e+02
7.468297576904296875e+01 -9.532616424560546875e+01 -1.137823944091796875e+02
7.347318267822265625e+01 -9.807141876220703125e+01 -1.137823944091796875e+02
7.226338958740234375e+01 -1.008166732788085938e+02 -1.137823944091796875e+02
7.105359649658203125e+01 -1.035619201660156250e+02 -1.137823944091796875e+02
6.984380340576171875e+01 -1.063071670532226562e+02 -1.137823944091796875e+02
6.863401031494140625e+01 -1.090524215698242188e+02 -1.137823944091796875e+02
6.742422485351562500e+01 -1.117976760864257812e+02 -1.137823944091796875e+02
6.621443176269531250e+01 -1.145429229736328125e+02 -1.137823944091796875e+02
6.500463867187500000e+01 -1.172881698608398438e+02 -1.137823944091796875e+02
6.379484558105468750e+01 -1.200334243774414062e+02 -1.137823944091796875e+02
6.258505249023437500e+01 -1.227786788940429688e+02 -1.137823944091796875e+02
6.137525939941406250e+01 -1.255239257812500000e+02 -1.137823944091796875e+02
6.016546630859375000e+01 -1.282691802978515625e+02 -1.137823944091796875e+02
5.895567321777343750e+01 -1.310144348144531250e+02 -1.137823944091796875e+02
5.774588012695312500e+01 -1.337596893310546875e+02 -1.137823944091796875e+02
5.653608703613281250e+01 -1.365049438476562500e+02 -1.137823944091796875e+02
5.520228958129882812e+01 -1.394564819335937500e+02 -1.165246047973632812e+02
5.355689239501953125e+01 -1.424206390380859375e+02 -1.210059432983398438e+02
5.182220840454101562e+01 -1.451531066894531250e+02 -1.237206878662109375e+02
4.996321105957031250e+01 -1.478047637939453125e+02 -1.264558944702148438e+02
4.784621810913085938e+01 -1.504683532714843750e+02 -1.310772857666015625e+02
4.564585494995117188e+01 -1.528159332275390625e+02 -1.335678100585937500e+02
4.357821655273437500e+01 -1.549896087646484375e+02 -1.335678100585937500e+02
4.151058197021484375e+01 -1.571632843017578125e+02 -1.335678100585937500e+02
3.944294357299804688e+01 -1.593369598388671875e+02 -1.335678100585937500e+02
3.737530517578125000e+01 -1.615106506347656250e+02 -1.335678100585937500e+02
3.530766677856445312e+01 -1.636843261718750000e+02 -1.335678100585937500e+02
3.324002838134765625e+01 -1.658580017089843750e+02 -1.335678100585937500e+02
3.117238998413085938e+01 -1.680316772460937500e+02 -1.335678100585937500e+02
2.910475349426269531e+01 -1.702053527832031250e+02 -1.335678100585937500e+02
2.703711509704589844e+01 -1.723790283203125000e+02 -1.335678100585937500e+02
2.496947669982910156e+01 -1.745527038574218750e+02 -1.335678100585937500e+02
2.290184020996093750e+01 -1.767263793945312500e+02 -1.335678100585937500e+02
2.083420181274414062e+01 -1.789000701904296875e+02 -1.335678100585937500e+02
1.876656341552734375e+01 -1.810737457275390625e+02 -1.335678100585937500e+02
1.669892501831054688e+01 -1.832474212646484375e+02 -1.335678100585937500e+02
1.463128662109375000e+01 -1.854210968017578125e+02 -1.335678100585937500e+02
1.256364822387695312e+01 -1.875947723388671875e+02 -1.335678100585937500e+02
1.049601364135742188e+01 -1.897684478759765625e+02 -1.335678100585937500e+02
8.428375244140625000e+00 -1.919421234130859375e+02 -1.335678100585937500e+02
6.360736846923828125e+00 -1.941157989501953125e+02 -1.335678100585937500e+02
4.293098449707031250e+00 -1.962894744873046875e+02 -1.335678100585937500e+02
2.225460290908813477e+00 -1.984631652832031250e+02 -1.335678100585937500e+02
1.578218936920166016e-01 -2.006368408203125000e+02 -1.335678100585937500e+02
-1.909816503524780273e+00 -2.028105163574218750e+02 -1.335678100585937500e+02
-3.977451086044311523e+00 -2.049841918945312500e+02 -1.335678100585937500e+02
-6.045089721679687500e+00 -2.071578674316406250e+02 -1.335678100585937500e+02
-8.112728118896484375e+00 -2.093315429687500000e+02 -1.335678100585937500e+02
-1.018036651611328125e+01 -2.115052337646484375e+02 -1.335678100585937500e+02
-1.224800491333007812e+01 -2.136789093017578125e+02 -1.335678100585937500e+02
-1.431564331054687500e+01 -2.158525848388671875e+02 -1.335678100585937500e+02
-1.638328170776367188e+01 -2.180262603759765625e+02 -1.335678100585937500e+02
-1.845092010498046875e+01 -2.201999359130859375e+02 -1.335678100585937500e+02
-2.042569351196289062e+01 -2.222811431884765625e+02 -1.320669403076171875e+02
-2.188751792907714844e+01 -2.241661224365234375e+02 -1.250398712158203125e+02
-2.335086059570312500e+01 -2.264108276367187500e+02 -1.213733444213867188e+02
-2.469122123718261719e+01 -2.287576293945312500e+02 -1.179700546264648438e+02
-2.579545783996582031e+01 -2.310495605468750000e+02 -1.127547912597656250e+02
-2.664355468750000000e+01 -2.335041351318359375e+02 -1.081371459960937500e+02
-2.757743072509765625e+01 -2.363550720214843750e+02 -1.081371459960937500e+02
-2.851131057739257812e+01 -2.392060089111328125e+02 -1.081371459960937500e+02
-2.944518661499023438e+01 -2.420569610595703125e+02 -1.081371459960937500e+02
-3.037906646728515625e+01 -2.449078979492187500e+02 -1.081371459960937500e+02
-3.131294631958007812e+01 -2.477588348388671875e+02 -1.081371459960937500e+02
-3.224682235717773438e+01 -2.506097869873046875e+02 -1.081371459960937500e+02
-3.318070220947265625e+01 -2.534607238769531250e+02 -1.081371459960937500e+02
-3.411457824707031250e+01 -2.563116760253906250e+02 -1.081371459960937500e+02
-3.504845809936523438e+01 -2.591625976562500000e+02 -1.081371459960937500e+02
-3.598233795166015625e+01 -2.620135498046875000e+02 -1.081371459960937500e+02
-3.691621398925781250e+01 -2.648645019531250000e+02 -1.081371459960937500e+02
-3.785009384155273438e+01 -2.677154235839843750e+02 -1.081371459960937500e+02
-3.878397369384765625e+01 -2.705663757324218750e+02 -1.081371459960937500e+02
-3.971784973144531250e+01 -2.734173278808593750e+02 -1.081371459960937500e+02
-4.065172576904296875e+01 -2.762682495117187500e+02 -1.081371459960937500e+02
-4.107662963867187500e+01 -2.780965576171875000e+02 -9.531857299804687500e+01
-4.099671936035156250e+01 -2.794449462890625000e+02 -7.649167633056640625e+01
-4.047957611083984375e+01 -2.806117248535156250e+02 -5.681800842285156250e+01
-3.937112426757812500e+01 -2.818643798828125000e+02 -4.166527938842773438e+01
-3.720362091064453125e+01 -2.836591186523437500e+02 -3.948056793212890625e+01
-3.488809967041015625e+01 -2.855665893554687500e+02 -3.948056793212890625e+01
-3.257257843017578125e+01 -2.874740295410156250e+02 -3.948056793212890625e+01
-3.025705528259277344e+01 -2.893814697265625000e+02 -3.948056793212890625e+01
-2.794153404235839844e+01 -2.912889404296875000e+02 -3.948056793212890625e+01
-2.562601470947265625e+01 -2.931963806152343750e+02 -3.948056793212890625e+01
-2.331049346923828125e+01 -2.951038208007812500e+02 -3.948056793212890625e+01
-2.099497222900390625e+01 -2.970112915039062500e+02 -3.948056793212890625e+01
-1.867945289611816406e+01 -2.989187316894531250e+02 -3.948056793212890625e+01
-1.636393165588378906e+01 -3.008261718750000000e+02 -3.948056793212890625e+01
-1.439233779907226562e+01 -3.023904724121093750e+02 -3.395601272583007812e+01
-1.283414649963378906e+01 -3.031953125000000000e+02 -1.973166847229003906e+01
-1.129946136474609375e+01 -3.035122680664062500e+02 -3.378010749816894531e+00
-9.623389244079589844e+00 -3.033783874511718750e+02 1.167355918884277344e+01
-7.513883113861083984e+00 -3.026983947753906250e+02 2.066429901123046875e+01
-4.706891059875488281e+00 -3.016397399902343750e+02 2.066429901123046875e+01
-1.899898529052734375e+00 -3.005810546875000000e+02 2.066429901123046875e+01
9.070935249328613281e-01 -2.995223693847656250e+02 2.066429901123046875e+01
3.714086055755615234e+00 -2.984636840820312500e+02 2.066429901123046875e+01
6.521078109741210938e+00 -2.974050292968750000e+02 2.066429901123046875e+01
9.328069686889648438e+00 -2.963463439941406250e+02 2.066429901123046875e+01
1.213506317138671875e+01 -2.952876586914062500e+02 2.066429901123046875e+01
1.494205474853515625e+01 -2.942290039062500000e+02 2.066429901123046875e+01
1.774904632568359375e+01 -2.931703186035156250e+02 2.066429901123046875e+01
2.055603981018066406e+01 -2.921116333007812500e+02 2.066429901123046875e+01
2.336303138732910156e+01 -2.910529785156250000e+02 2.066429901123046875e+01
2.617002296447753906e+01 -2.899942932128906250e+02 2.066429901123046875e+01
2.897701454162597656e+01 -2.889356079101562500e+02 2.066429901123046875e+01
3.178400993347167969e+01 -2.878769531250000000e+02 2.066429901123046875e+01
3.459100341796875000e+01 -2.868182678222656250e+02 2.066429901123046875e+01
3.739799499511718750e+01 -2.857595825195312500e+02 2.066429901123046875e+01
4.020498657226562500e+01 -2.847009277343750000e+02 2.066429901123046875e+01
4.301197814941406250e+01 -2.836422424316406250e+02 2.066429901123046875e+01
4.581896972656250000e+01 -2.825835571289062500e+02 2.066429901123046875e+01
4.862596130371093750e+01 -2.815248718261718750e+02 2.066429901123046875e+01
5.143295288085937500e+01 -2.804662170410156250e+02 2.066429901123046875e+01
5.423994445800781250e+01 -2.794075317382812500e+02 2.066429901123046875e+01
5.704693603515625000e+01 -2.783488464355468750e+02 2.066429901123046875e+01
5.985392761230468750e+01 -2.772901916503906250e+02 2.066429901123046875e+01
6.266092681884765625e+01 -2.762315063476562500e+02 2.066429901123046875e+01
6.546791839599609375e+01 -2.751728210449218750e+02 2.066429901123046875e+01
6.827490997314453125e+01 -2.741141662597656250e+02 2.066429901123046875e+01
7.108190917968750000e+01 -2.730554809570312500e+02 2.066429901123046875e+01
7.388890075683593750e+01 -2.719967956542968750e+02 2.066429901123046875e+01
7.669589233398437500e+01 -2.709381408691406250e+02 2.066429901123046875e+01
7.950288391113281250e+01 -2.698794555664062500e+02 2.066429901123046875e+01
8.230987548828125000e+01 -2.688207702636718750e+02 2.066429901123046875e+01
8.511686706542968750e+01 -2.677621154785156250e+02 2.066429901123046875e+01
8.792385864257812500e+01 -2.667034301757812500e+02 2.066429901123046875e+01
8.901554870605468750e+01 -2.662916870117187500e+02 2.066429901123046875e+01
9.614394378662109375e+01 -2.652930297851562500e+02 6.818438529968261719e+00
9.912272644042968750e+01 -2.649368591308593750e+02 6.818438529968261719e+00
1.021015090942382812e+02 -2.645806884765625000e+02 6.818438529968261719e+00
1.050802917480468750e+02 -2.642245178222656250e+02 6.818438529968261719e+00
1.080590744018554688e+02 -2.638683471679687500e+02 6.818438529968261719e+00
1.110378494262695312e+02 -2.635121765136718750e+02 6.818438529968261719e+00
1.140166320800781250e+02 -2.631560058593750000e+02 6.818438529968261719e+00
1.169954147338867188e+02 -2.627998352050781250e+02 6.818438529968261719e+00
1.199741973876953125e+02 -2.624436645507812500e+02 6.818438529968261719e+00
1.229529800415039062e+02 -2.620874938964843750e+02 6.818438529968261719e+00
1.259317626953125000e+02 -2.617313232421875000e+02 6.818438529968261719e+00
1.289105529785156250e+02 -2.613751525878906250e+02 6.818438529968261719e+00
1.318893280029296875e+02 -2.610189819335937500e+02 6.818438529968261719e+00
1.348681182861328125e+02 -2.606628112792968750e+02 6.818438529968261719e+00
1.378468933105468750e+02 -2.603066406250000000e+02 6.818438529968261719e+00
1.411222534179687500e+02 -2.600186767578125000e+02 3.512282848358154297e+00
1.442694244384765625e+02 -2.598762512207031250e+02 1.787618517875671387e+00
1.473960876464843750e+02 -2.598180847167968750e+02 3.290614783763885498e-01
1.505644989013671875e+02 -2.598489685058593750e+02 -1.604265928268432617e+00
1.537981872558593750e+02 -2.600314941406250000e+02 -4.344742774963378906e+00
1.567895660400390625e+02 -2.602587585449218750e+02 -4.344742774963378906e+00
1.597809448242187500e+02 -2.604860534667968750e+02 -4.344742774963378906e+00
1.627723236083984375e+02 -2.607133178710937500e+02 -4.344742774963378906e+00
1.657637023925781250e+02 -2.609405822753906250e+02 -4.344742774963378906e+00
1.687550811767578125e+02 -2.611678466796875000e+02 -4.344742774963378906e+00
1.717464599609375000e+02 -2.613951416015625000e+02 -4.344742774963378906e+00
1.747378387451171875e+02 -2.616224060058593750e+02 -4.344742774963378906e+00
1.777292175292968750e+02 -2.618496704101562500e+02 -4.344742774963378906e+00
1.807205963134765625e+02 -2.620769348144531250e+02 -4.344742774963378906e+00
1.837119750976562500e+02 -2.623042297363281250e+02 -4.344742774963378906e+00
1.867033538818359375e+02 -2.625314941406250000e+02 -4.344742774963378906e+00
1.896947326660156250e+02 -2.627587585449218750e+02 -4.344742774963378906e+00
1.927255554199218750e+02 -2.629931640625000000e+02 -4.801576137542724609e+00
1.957804107666015625e+02 -2.632733459472656250e+02 -5.577577590942382812e+00
1.988058471679687500e+02 -2.635818481445312500e+02 -6.048904895782470703e+00
2.018284912109375000e+02 -2.639142150878906250e+02 -6.517220497131347656e+00
2.048725738525390625e+02 -2.642797546386718750e+02 -7.273211002349853516e+00
2.078884124755859375e+02 -2.646860656738281250e+02 -7.766979217529296875e+00
2.108608856201171875e+02 -2.650915222167968750e+02 -7.766979217529296875e+00
2.138333587646484375e+02 -2.654969482421875000e+02 -7.766979217529296875e+00
2.168058471679687500e+02 -2.659023742675781250e+02 -7.766979217529296875e+00
2.197783203125000000e+02 -2.663078002929687500e+02 -7.766979217529296875e+00
2.227507934570312500e+02 -2.667132568359375000e+02 -7.766979217529296875e+00
2.257232666015625000e+02 -2.671186828613281250e+02 -7.766979217529296875e+00
2.286957550048828125e+02 -2.675241088867187500e+02 -7.766979217529296875e+00
2.316682281494140625e+02 -2.679295349121093750e+02 -7.766979217529296875e+00
2.346407012939453125e+02 -2.683349914550781250e+02 -7.766979217529296875e+00
2.376131896972656250e+02 -2.687404174804687500e+02 -7.766979217529296875e+00
2.405856628417968750e+02 -2.691458435058593750e+02 -7.766979217529296875e+00
2.435581359863281250e+02 -2.695512695312500000e+02 -7.766979217529296875e+00
2.465306091308593750e+02 -2.699567260742187500e+02 -7.766979217529296875e+00
2.498740386962890625e+02 -2.704678039550781250e+02 -1.215855121612548828e+01
2.541606597900390625e+02 -2.721070861816406250e+02 -3.060871315002441406e+01
2.579118041992187500e+02 -2.755904235839843750e+02 -5.536590576171875000e+01
2.598438720703125000e+02 -2.799822692871093750e+02 -7.628708648681640625e+01
2.603576660156250000e+02 -2.837377624511718750e+02 -8.533891296386718750e+01
2.606014709472656250e+02 -2.867278442382812500e+02 -8.533891296386718750e+01
2.608452453613281250e+02 -2.897179260253906250e+02 -8.533891296386718750e+01
2.610890197753906250e+02 -2.927079772949218750e+02 -8.533891296386718750e+01
2.613328247070312500e+02 -2.956980590820312500e+02 -8.533891296386718750e+01
2.615765991210937500e+02 -2.986881408691406250e+02 -8.533891296386718750e+01
2.618203735351562500e+02 -3.016782226562500000e+02 -8.533891296386718750e+01
2.620641784667968750e+02 -3.046683044433593750e+02 -8.533891296386718750e+01
2.623079528808593750e+02 -3.076583862304687500e+02 -8.533891296386718750e+01
2.624701843261718750e+02 -3.112468872070312500e+02 -9.215523529052734375e+01
2.617065429687500000e+02 -3.155764465332031250e+02 -1.083269500732421875e+02
2.595586547851562500e+02 -3.196666564941406250e+02 -1.271319580078125000e+02
2.564032287597656250e+02 -3.227568359375000000e+02 -1.435403900146484375e+02
2.532757110595703125e+02 -3.246642150878906250e+02 -1.511305389404296875e+02
2.506485443115234375e+02 -3.261126708984375000e+02 -1.511305389404296875e+02
2.480213775634765625e+02 -3.275611267089843750e+02 -1.511305389404296875e+02
2.453942108154296875e+02 -3.290095520019531250e+02 -1.511305389404296875e+02
2.427670440673828125e+02 -3.304580078125000000e+02 -1.511305389404296875e+02
2.401398925781250000e+02 -3.319064636230468750e+02 -1.511305389404296875e+02
2.375127258300781250e+02 -3.333549194335937500e+02 -1.511305389404296875e+02
2.348855590820312500e+02 -3.348033447265625000e+02 -1.511305389404296875e+02
2.322583923339843750e+02 -3.362518005371093750e+02 -1.511305389404296875e+02
2.296312255859375000e+02 -3.377002563476562500e+02 -1.511305389404296875e+02
2.270040588378906250e+02 -3.391486816406250000e+02 -1.511305389404296875e+02
2.243768920898437500e+02 -3.405971374511718750e+02 -1.511305389404296875e+02
2.217497253417968750e+02 -3.420455932617187500e+02 -1.511305389404296875e+02
2.191225585937500000e+02 -3.434940185546875000e+02 -1.511305389404296875e+02
2.164953918457031250e+02 -3.449424743652343750e+02 -1.511305389404296875e+02
2.138682250976562500e+02 -3.463909301757812500e+02 -1.511305389404296875e+02
2.112410583496093750e+02 -3.478393859863281250e+02 -1.511305389404296875e+02
2.086138916015625000e+02 -3.492878112792968750e+02 -1.511305389404296875e+02
2.059867248535156250e+02 -3.507362670898437500e+02 -1.511305389404296875e+02
2.033595581054687500e+02 -3.521847229003906250e+02 -1.511305389404296875e+02
1.997941894531250000e+02 -3.537683715820312500e+02 -1.615410461425781250e+02
1.963876647949218750e+02 -3.546940307617187500e+02 -1.676344909667968750e+02
1.930153198242187500e+02 -3.552858581542968750e+02 -1.725035247802734375e+02
1.894541168212890625e+02 -3.555633850097656250e+02 -1.790807495117187500e+02
1.856640319824218750e+02 -3.552596130371093750e+02 1.716755523681640625e+02
1.826956481933593750e+02 -3.548252868652343750e+02 1.716755523681640625e+02
1.797272491455078125e+02 -3.543909606933593750e+02 1.716755523681640625e+02
1.767588500976562500e+02 -3.539566345214843750e+02 1.716755523681640625e+02
1.737904663085937500e+02 -3.535222778320312500e+02 1.716755523681640625e+02
1.708220672607421875e+02 -3.530879516601562500e+02 1.716755523681640625e+02
1.678536834716796875e+02 -3.526536254882812500e+02 1.716755523681640625e+02
1.648852844238281250e+02 -3.522192687988281250e+02 1.716755523681640625e+02
1.619169006347656250e+02 -3.517849426269531250e+02 1.716755523681640625e+02
1.589485015869140625e+02 -3.513506164550781250e+02 1.716755523681640625e+02
1.559801177978515625e+02 -3.509162597656250000e+02 1.716755523681640625e+02
1.530117187500000000e+02 -3.504819335937500000e+02 1.716755523681640625e+02
1.500433197021484375e+02 -3.500476074218750000e+02 1.716755523681640625e+02
1.470749359130859375e+02 -3.496132812500000000e+02 1.716755523681640625e+02
1.441065368652343750e+02 -3.491789245605468750e+02 1.716755523681640625e+02
1.411381530761718750e+02 -3.487445983886718750e+02 1.716755523681640625e+02
1.381697540283203125e+02 -3.483102722167968750e+02 1.716755523681640625e+02
1.352013702392578125e+02 -3.478759155273437500e+02 1.716755523681640625e+02
1.323066558837890625e+02 -3.474547424316406250e+02 1.725325012207031250e+02
1.300946350097656250e+02 -3.473884582519531250e+02 1.815275421142578125e+02
1.274066467285156250e+02 -3.475527343750000000e+02 1.850405578613281250e+02
1.246135101318359375e+02 -3.478558044433593750e+02 1.872211914062500000e+02
1.218032073974609375e+02 -3.482577819824218750e+02 1.890657653808593750e+02
1.193718032836914062e+02 -3.487410888671875000e+02 -1.649754028320312500e+02
1.167588653564453125e+02 -3.495355529785156250e+02 -1.618973236083984375e+02
1.139705810546875000e+02 -3.504727783203125000e+02 -1.612281036376953125e+02
1.109842071533203125e+02 -3.514576721191406250e+02 -1.628862304687500000e+02
1.079673919677734375e+02 -3.523194885253906250e+02 -1.644610900878906250e+02
1.050504531860351562e+02 -3.531219787597656250e+02 -1.647511291503906250e+02
1.021366653442382812e+02 -3.539104003906250000e+02 -1.649639739990234375e+02
9.921749877929687500e+01 -3.546883239746093750e+02 -1.652051696777343750e+02
9.625314331054687500e+01 -3.554580993652343750e+02 -1.659234619140625000e+02
9.326872253417968750e+01 -3.561806335449218750e+02 -1.667331848144531250e+02
9.029202270507812500e+01 -3.568664245605468750e+02 -1.673598785400390625e+02
8.726930999755859375e+01 -3.575121154785156250e+02 -1.684022064208984375e+02
8.430271148681640625e+01 -3.581118469238281250e+02 -1.687071533203125000e+02
8.134224700927734375e+01 -3.586973571777343750e+02 -1.689112091064453125e+02
7.837856292724609375e+01 -3.592726135253906250e+02 -1.691289672851562500e+02
7.539721679687500000e+01 -3.598362426757812500e+02 -1.695204010009765625e+02
7.240784454345703125e+01 -3.603784484863281250e+02 -1.699575347900390625e+02
6.935174560546875000e+01 -3.608928527832031250e+02 -1.710935821533203125e+02
6.602505493164062500e+01 -3.613206481933593750e+02 -1.751592559814453125e+02
6.290292358398437500e+01 -3.615372009277343750e+02 -1.766457824707031250e+02
5.984421539306640625e+01 -3.616960144042968750e+02 -1.773660125732421875e+02
5.679331207275390625e+01 -3.618201293945312500e+02 -1.779783782958984375e+02
5.372275161743164062e+01 -3.619084777832031250e+02 -1.788018493652343750e+02
5.039161300659179688e+01 -3.618938903808593750e+02 -1.826054687500000000e+02
4.720989990234375000e+01 -3.616797485351562500e+02 -1.847722930908203125e+02
4.408199691772460938e+01 -3.613746032714843750e+02 1.735906829833984375e+02
4.108040237426757812e+01 -3.610321044921875000e+02 1.733491668701171875e+02
3.806344985961914062e+01 -3.606693115234375000e+02 1.729057159423828125e+02
3.502539062500000000e+01 -3.602732849121093750e+02 1.721748199462890625e+02
3.192874526977539062e+01 -3.598122253417968750e+02 1.706751556396484375e+02
2.881838226318359375e+01 -3.592292480468750000e+02 1.687878265380859375e+02
2.587564086914062500e+01 -3.586459350585937500e+02 1.687878265380859375e+02
2.293289947509765625e+01 -3.580625915527343750e+02 1.687878265380859375e+02
1.999015617370605469e+01 -3.574792785644531250e+02 1.687878265380859375e+02
1.704741477966308594e+01 -3.568959350585937500e+02 1.687878265380859375e+02
1.404679775238037109e+01 -3.562979736328125000e+02 1.681045227050781250e+02
1.092834568023681641e+01 -3.555622253417968750e+02 1.657636718750000000e+02
7.942050933837890625e+00 -3.547737426757812500e+02 1.647474212646484375e+02
4.996135234832763672e+00 -3.539511413574218750e+02 1.640756072998046875e+02
2.064314842224121094e+00 -3.530979309082031250e+02 1.634630432128906250e+02
-8.962360620498657227e-01 -3.521905822753906250e+02 1.623574523925781250e+02
-3.810028553009033203e+00 -3.512415466308593750e+02 1.616186523437500000e+02
-6.702455997467041016e+00 -3.502634277343750000e+02 1.610073852539062500e+02
-9.600211143493652344e+00 -3.492448425292968750e+02 1.601870269775390625e+02
-1.255628585815429688e+01 -3.481329650878906250e+02 1.583719787597656250e+02
-1.540828514099121094e+01 -3.469744873046875000e+02 1.574743804931640625e+02
-1.823719596862792969e+01 -3.457779235839843750e+02 1.566539306640625000e+02
-2.106948661804199219e+01 -3.445251464843750000e+02 1.555418548583984375e+02
-2.394707679748535156e+01 -3.431600341796875000e+02 1.534201507568359375e+02
-2.677618789672851562e+01 -3.416379699707031250e+02 1.509814147949218750e+02
-2.939957427978515625e+01 -3.401827087402343750e+02 1.509814147949218750e+02
-3.202296066284179688e+01 -3.387274169921875000e+02 1.509814147949218750e+02
-3.464635086059570312e+01 -3.372721557617187500e+02 1.509814147949218750e+02
-3.726973724365234375e+01 -3.358168640136718750e+02 1.509814147949218750e+02
-3.989312362670898438e+01 -3.343616027832031250e+02 1.509814147949218750e+02
-4.251651382446289062e+01 -3.329063110351562500e+02 1.509814147949218750e+02
-4.519429779052734375e+01 -3.314131774902343750e+02 1.502255706787109375e+02
-4.787816238403320312e+01 -3.298307800292968750e+02 1.488998413085937500e+02
-5.049513244628906250e+01 -3.282260437011718750e+02 1.480997161865234375e+02
-5.308981704711914062e+01 -3.265867919921875000e+02 1.473072967529296875e+02
-5.569159698486328125e+01 -3.248809204101562500e+02 1.460327453613281250e+02
-5.822058486938476562e+01 -3.231330566406250000e+02 1.451825408935546875e+02
-6.068350982666015625e+01 -3.214201660156250000e+02 1.451825408935546875e+02
-6.314643478393554688e+01 -3.197072753906250000e+02 1.451825408935546875e+02
-6.560935974121093750e+01 -3.179943847656250000e+02 1.451825408935546875e+02
-6.807228851318359375e+01 -3.162814941406250000e+02 1.451825408935546875e+02
-7.053521728515625000e+01 -3.145686035156250000e+02 1.451825408935546875e+02
-7.299813842773437500e+01 -3.128557128906250000e+02 1.451825408935546875e+02
-7.546106719970703125e+01 -3.111428222656250000e+02 1.451825408935546875e+02
-7.792398834228515625e+01 -3.094299316406250000e+02 1.451825408935546875e+02
-8.038691711425781250e+01 -3.077170410156250000e+02 1.451825408935546875e+02
-8.284984588623046875e+01 -3.060041503906250000e+02 1.451825408935546875e+02
-8.531276702880859375e+01 -3.042912597656250000e+02 1.451825408935546875e+02
-8.777569580078125000e+01 -3.025783691406250000e+02 1.451825408935546875e+02
-9.023862457275390625e+01 -3.008654785156250000e+02 1.451825408935546875e+02
-9.270154571533203125e+01 -2.991525878906250000e+02 1.451825408935546875e+02
-9.516447448730468750e+01 -2.974396972656250000e+02 1.451825408935546875e+02
-9.794469451904296875e+01 -2.952466430664062500e+02 1.389606628417968750e+02
-1.003502960205078125e+02 -2.930268249511718750e+02 1.358241271972656250e+02
-1.026173171997070312e+02 -2.907201538085937500e+02 1.331368865966796875e+02
-1.048154296875000000e+02 -2.882305908203125000e+02 1.294512634277343750e+02
-1.068460540771484375e+02 -2.854840393066406250e+02 1.246763534545898438e+02
-1.085528717041015625e+02 -2.830169067382812500e+02 1.246763534545898438e+02
-1.102596969604492188e+02 -2.805497436523437500e+02 1.246763534545898438e+02
-1.119665145874023438e+02 -2.780826110839843750e+02 1.246763534545898438e+02
-1.136733398437500000e+02 -2.756154785156250000e+02 1.246763534545898438e+02
-1.153801574707031250e+02 -2.731483459472656250e+02 1.246763534545898438e+02
-1.170869827270507812e+02 -2.706812133789062500e+02 1.246763534545898438e+02
-1.187938003540039062e+02 -2.682140808105468750e+02 1.246763534545898438e+02
-1.205006256103515625e+02 -2.657469482421875000e+02 1.246763534545898438e+02
-1.222074432373046875e+02 -2.632798156738281250e+02 1.246763534545898438e+02
-1.239142608642578125e+02 -2.608126525878906250e+02 1.246763534545898438e+02
-1.256210861206054688e+02 -2.583455505371093750e+02 1.246763534545898438e+02
-1.273279113769531250e+02 -2.558783874511718750e+02 1.246763534545898438e+02
-1.290347290039062500e+02 -2.534112548828125000e+02 1.246763534545898438e+02
-1.307415466308593750e+02 -2.509441223144531250e+02 1.246763534545898438e+02
-1.324483642578125000e+02 -2.484769897460937500e+02 1.246763534545898438e+02
-1.341551971435546875e+02 -2.460098571777343750e+02 1.246763534545898438e+02
-1.358620147705078125e+02 -2.435427093505859375e+02 1.246763534545898438e+02
-1.375688323974609375e+02 -2.410755767822265625e+02 1.246763534545898438e+02
-1.392756500244140625e+02 -2.386084442138671875e+02 1.246763534545898438e+02
-1.409824676513671875e+02 -2.361412963867187500e+02 1.246763534545898438e+02
-1.426893005371093750e+02 -2.336741638183593750e+02 1.246763534545898438e+02
-1.443961181640625000e+02 -2.312070312500000000e+02 1.246763534545898438e+02
-1.461029357910156250e+02 -2.287398986816406250e+02 1.246763534545898438e+02
-1.478097686767578125e+02 -2.262727661132812500e+02 1.246763534545898438e+02
-1.495165863037109375e+02 -2.238056182861328125e+02 1.246763534545898438e+02
-1.512234039306640625e+02 -2.213384857177734375e+02 1.246763534545898438e+02
-1.529302215576171875e+02 -2.188713531494140625e+02 1.246763534545898438e+02
-1.546370391845703125e+02 -2.164042053222656250e+02 1.246763534545898438e+02
-1.563438568115234375e+02 -2.139370727539062500e+02 1.246763534545898438e+02
-1.580506896972656250e+02 -2.114699401855468750e+02 1.246763534545898438e+02
-1.597575073242187500e+02 -2.090028076171875000e+02 1.246763534545898438e+02
-1.614643249511718750e+02 -2.065356750488281250e+02 1.246763534545898438e+02
-1.631711578369140625e+02 -2.040685424804687500e+02 1.246763534545898438e+02
-1.648779754638671875e+02 -2.016013946533203125e+02 1.246763534545898438e+02
-1.665847930908203125e+02 -1.991342620849609375e+02 1.246763534545898438e+02
-1.682916107177734375e+02 -1.966671142578125000e+02 1.246763534545898438e+02
-1.699984283447265625e+02 -1.941999816894531250e+02 1.246763534545898438e+02
-1.717052459716796875e+02 -1.917328491210937500e+02 1.246763534545898438e+02
-1.734120788574218750e+02 -1.892657165527343750e+02 1.246763534545898438e+02
-1.751188964843750000e+02 -1.867985839843750000e+02 1.246763534545898438e+02
-1.770064849853515625e+02 -1.830313262939453125e+02 1.106505279541015625e+02
-1.780646972656250000e+02 -1.796381378173828125e+02 1.042767028808593750e+02
-1.787593841552734375e+02 -1.762061920166015625e+02 9.851250457763671875e+01
-1.790488586425781250e+02 -1.724101409912109375e+02 8.921562957763671875e+01
-1.786524810791015625e+02 -1.687875976562500000e+02 8.181894683837890625e+01
-1.782255706787109375e+02 -1.658181304931640625e+02 8.181894683837890625e+01
-1.777986602783203125e+02 -1.628486633300781250e+02 8.181894683837890625e+01
-1.773717651367187500e+02 -1.598791961669921875e+02 8.181894683837890625e+01
-1.769448547363281250e+02 -1.569097290039062500e+02 8.181894683837890625e+01
-1.765179443359375000e+02 -1.539402465820312500e+02 8.181894683837890625e+01
-1.760910491943359375e+02 -1.509707794189453125e+02 8.181894683837890625e+01
-1.756641387939453125e+02 -1.480013122558593750e+02 8.181894683837890625e+01
-1.752372436523437500e+02 -1.450318450927734375e+02 8.181894683837890625e+01
-1.748103332519531250e+02 -1.420623779296875000e+02 8.181894683837890625e+01
-1.743834228515625000e+02 -1.390929107666015625e+02 8.181894683837890625e+01
-1.739565277099609375e+02 -1.361234283447265625e+02 8.181894683837890625e+01
-1.735296173095703125e+02 -1.331539611816406250e+02 8.181894683837890625e+01
-1.731027069091796875e+02 -1.301844940185546875e+02 8.181894683837890625e+01
-1.726758117675781250e+02 -1.272150192260742188e+02 8.181894683837890625e+01
-1.722489013671875000e+02 -1.242455444335937500e+02 8.181894683837890625e+01
-1.718220062255859375e+02 -1.212760696411132812e+02 8.181894683837890625e+01
-1.713950958251953125e+02 -1.183066024780273438e+02 8.181894683837890625e+01
-1.709681854248046875e+02 -1.153371353149414062e+02 8.181894683837890625e+01
-1.705412902832031250e+02 -1.123676681518554688e+02 8.181894683837890625e+01
-1.701143798828125000e+02 -1.093981933593750000e+02 8.181894683837890625e+01
-1.696874847412109375e+02 -1.064287261962890625e+02 8.181894683837890625e+01
-1.692605743408203125e+02 -1.034592514038085938e+02 8.181894683837890625e+01
-1.688336639404296875e+02 -1.004897842407226562e+02 8.181894683837890625e+01
-1.684067687988281250e+02 -9.752031707763671875e+01 8.181894683837890625e+01
-1.679798583984375000e+02 -9.455084228515625000e+01 8.181894683837890625e+01
-1.675529479980468750e+02 -9.158137512207031250e+01 8.181894683837890625e+01
-1.671260528564453125e+02 -8.861190032958984375e+01 8.181894683837890625e+01
-1.666991424560546875e+02 -8.564243316650390625e+01 8.181894683837890625e+01
-1.662722320556640625e+02 -8.267296600341796875e+01 8.181894683837890625e+01
-1.658453369140625000e+02 -7.970349121093750000e+01 8.181894683837890625e+01
-1.653648071289062500e+02 -7.651289367675781250e+01 7.921922302246093750e+01
-1.644859008789062500e+02 -7.307455444335937500e+01 7.290874481201171875e+01
-1.634122009277343750e+02 -6.994435119628906250e+01 6.935903930664062500e+01
-1.621586608886718750e+02 -6.689105224609375000e+01 6.590834045410156250e+01
-1.605971984863281250e+02 -6.377041244506835938e+01 6.028289031982421875e+01
-1.587993164062500000e+02 -6.096712493896484375e+01 5.649828338623046875e+01
-1.571434326171875000e+02 -5.846551513671875000e+01 5.649828338623046875e+01
-1.554875488281250000e+02 -5.596391296386718750e+01 5.649828338623046875e+01
-1.538316650390625000e+02 -5.346230316162109375e+01 5.649828338623046875e+01
-1.521757812500000000e+02 -5.096069335937500000e+01 5.649828338623046875e+01
-1.505198822021484375e+02 -4.845908355712890625e+01 5.649828338623046875e+01
-1.488639984130859375e+02 -4.595747375488281250e+01 5.649828338623046875e+01
-1.472081146240234375e+02 -4.345587158203125000e+01 5.649828338623046875e+01
-1.455522308349609375e+02 -4.095426177978515625e+01 5.649828338623046875e+01
-1.438963470458984375e+02 -3.845265197753906250e+01 5.649828338623046875e+01
-1.422404632568359375e+02 -3.595104217529296875e+01 5.649828338623046875e+01
-1.405845794677734375e+02 -3.344944000244140625e+01 5.649828338623046875e+01
-1.389286804199218750e+02 -3.094783210754394531e+01 5.649828338623046875e+01
-1.372727966308593750e+02 -2.844622230529785156e+01 5.649828338623046875e+01
-1.356169128417968750e+02 -2.594461631774902344e+01 5.649828338623046875e+01
-1.339610290527343750e+02 -2.344300651550292969e+01 5.649828338623046875e+01
-1.323051452636718750e+02 -2.094140052795410156e+01 5.649828338623046875e+01
-1.306492614746093750e+02 -1.843979072570800781e+01 5.649828338623046875e+01
-1.289933776855468750e+02 -1.593818473815917969e+01 5.649828338623046875e+01
-1.273374938964843750e+02 -1.343657493591308594e+01 5.649828338623046875e+01
-1.250620880126953125e+02 -1.039287185668945312e+01 4.725975418090820312e+01
-1.223797302246093750e+02 -7.887446403503417969e+00 3.954495239257812500e+01
-1.196028060913085938e+02 -5.807814121246337891e+00 3.415192031860351562e+01
-1.165489959716796875e+02 -3.965993881225585938e+00 2.764090347290039062e+01
-1.127867126464843750e+02 -2.474489688873291016e+00 1.555514526367187500e+01
-1.098965911865234375e+02 -1.669992446899414062e+00 1.555514526367187500e+01
-1.070064773559570312e+02 -8.654952049255371094e-01 1.555514526367187500e+01
-1.041163558959960938e+02 -6.099796295166015625e-02 1.555514526367187500e+01
-1.012262344360351562e+02 7.434988021850585938e-01 1.555514526367187500e+01
-9.833612060546875000e+01 1.547996520996093750e+00 1.555514526367187500e+01
-9.544599914550781250e+01 2.352493762969970703e+00 1.555514526367187500e+01
-9.255588531494140625e+01 3.156991004943847656e+00 1.555514526367187500e+01
-8.966576385498046875e+01 3.961487770080566406e+00 1.555514526367187500e+01
-8.604033660888671875e+01 4.783100128173828125e+00 7.285533428192138672e+00
-8.143941497802734375e+01 4.647469043731689453e+00 -1.132348251342773438e+01
-7.693198394775390625e+01 2.803594350814819336e+00 -3.310002517700195312e+01
-7.358984375000000000e+01 -2.315702438354492188e-01 -5.066736602783203125e+01
-7.157477569580078125e+01 -3.100382566452026367e+00 -5.642569732666015625e+01
-6.991572570800781250e+01 -5.599890708923339844e+00 -5.642569732666015625e+01
-6.825666809082031250e+01 -8.099399566650390625e+00 -5.642569732666015625e+01
-6.659761810302734375e+01 -1.059890747070312500e+01 -5.642569732666015625e+01
-6.493856811523437500e+01 -1.309841537475585938e+01 -5.642569732666015625e+01
-6.316680526733398438e+01 -1.579360580444335938e+01 -5.901043319702148438e+01
-6.151267623901367188e+01 -1.932871246337890625e+01 -6.941773223876953125e+01
-6.045405578613281250e+01 -2.263079643249511719e+01 -7.479128265380859375e+01
-5.969497299194335938e+01 -2.599259948730468750e+01 -7.992066192626953125e+01
-5.928614044189453125e+01 -2.971849441528320312e+01 -8.853549957275390625e+01
-5.945881271362304688e+01 -3.319485855102539062e+01 -9.404345703125000000e+01
-5.967035293579101562e+01 -3.618739318847656250e+01 -9.404345703125000000e+01
-5.988188552856445312e+01 -3.917992401123046875e+01 -9.404345703125000000e+01
-6.009342575073242188e+01 -4.217245864868164062e+01 -9.404345703125000000e+01
-6.030496597290039062e+01 -4.516498947143554688e+01 -9.404345703125000000e+01
-6.090216064453125000e+01 -4.889828872680664062e+01 -1.030372238159179688e+02
-6.179732513427734375e+01 -5.216033172607421875e+01 -1.074315185546875000e+02
-6.290000534057617188e+01 -5.530513381958007812e+01 -1.112490539550781250e+02
-6.429771423339843750e+01 -5.848617553710937500e+01 -1.167021636962890625e+02
-6.611740875244140625e+01 -6.153270339965820312e+01 -1.230069732666015625e+02
-6.775163269042968750e+01 -6.404851531982421875e+01 -1.230069732666015625e+02
-6.938585662841796875e+01 -6.656433105468750000e+01 -1.230069732666015625e+02
-7.102008056640625000e+01 -6.908014678955078125e+01 -1.230069732666015625e+02
-7.265429687500000000e+01 -7.159595489501953125e+01 -1.230069732666015625e+02
-7.428852844238281250e+01 -7.411177062988281250e+01 -1.230069732666015625e+02
-7.592274475097656250e+01 -7.662757873535156250e+01 -1.230069732666015625e+02
-7.755696868896484375e+01 -7.914339447021484375e+01 -1.230069732666015625e+02
-7.919119262695312500e+01 -8.165921020507812500e+01 -1.230069732666015625e+02
-8.082541656494140625e+01 -8.417501831054687500e+01 -1.230069732666015625e+02
-8.245964050292968750e+01 -8.669083404541015625e+01 -1.230069732666015625e+02
-8.409386444091796875e+01 -8.920664978027343750e+01 -1.230069732666015625e+02
-8.572808837890625000e+01 -9.172245788574218750e+01 -1.230069732666015625e+02
-8.736231231689453125e+01 -9.423826599121093750e+01 -1.230069732666015625e+02
-8.899653625488281250e+01 -9.675408935546875000e+01 -1.230069732666015625e+02
-9.063076019287109375e+01 -9.926989746093750000e+01 -1.230069732666015625e+02
-9.226498413085937500e+01 -1.017857055664062500e+02 -1.230069732666015625e+02
-9.389920806884765625e+01 -1.043015213012695312e+02 -1.230069732666015625e+02
-9.527068328857421875e+01 -1.064128417968750000e+02 -1.230069732666015625e+02
